9.342025870324792702e-01 3.860920923524735482e-02 2.463081487115228313e-02 2.302903022856171017e-02 1.445917482061409576e-02 3.889414552381977030e-02 5.306111112968405624e-02 -1.856771493921365382e-02 -1.805862358990202587e-01 7.206977925614144187e-02 1.287679665945801188e-01 5.314980498708586978e-03 1.848297367593912735e-02 6.252155031786438277e-02 2.185990365512429853e-03 -6.605920502860147814e-02 -4.828610094003673442e-02 4.779325580910357557e-02 4.367561947408214740e-02 1.137962018831971261e-01 3.457496849527585264e-02 -1.530036363149286753e-02 -2.583621971132305135e-03 -3.181603758350053796e-02 4.251852686333849884e-02 5.132889349114757443e-02 5.222767535417538465e-02 1.696180734433993739e-02 2.741852059580016793e-02 -9.588285852859310121e-02 1.598886166316465518e-01 -1.763882278617967883e-02 2.095203554767891552e-01 2.829627430707418873e-02 -4.544700168791715456e-01 2.546122442013049395e-02 2.730808073007833792e-01 -2.154257704987500369e-02 -7.642585792953586823e-03 1.425804590175688315e-02 4.868046015713749924e-02 4.388818723570932917e-02 -7.494743779068201162e-02 -3.042079885103437641e-03 -5.164515762230895840e-02 2.403915029598225825e-02 1.248069304586739772e-02 -2.834914886257597702e-03 -3.888383722755147515e-02 -2.521893128500710471e-02 3.227592146429000136e-02 6.127590340336482033e-02 2.221714241149430613e-01 3.485014455665401412e-02 -4.904308566850899831e-02 -3.767029465417389700e-01 7.504934460832797527e-02 -1.106888005038303424e-02 -7.712466424895272031e-03 -1.658478881164658636e-02 2.634371493985658303e-04 -2.573828438590658116e-02 1.673343060456898568e-02 -4.953274885817654169e-03 1.458719558927300958e-02 1.089782225420450959e-02 9.062735613376872446e-03 2.836167387167675552e-02 1.689634573939920300e-03 -4.732678283766915059e-03 -1.546791020678752945e-02 6.373973077671788931e-03 -2.248603692566796073e-03 -1.412016242318420850e-03 1.294283939474694112e-02 -9.843335759189100406e-03 1.769514725349552366e-03 -2.634359823356686395e-03 -8.237586977670970090e-03 -1.074240665457366559e-02 1.893981649164534070e-02 -9.842940146443684979e-03 -1.064189279915011633e-03 -3.595420879156868612e-03 2.278406210887852848e-02 -7.599688303694117873e-03 -6.538274146866101047e-03 -5.986865679802568473e-03 -3.942173198114779648e-02 -7.565887746773952878e-03 4.903205467288134292e-03 -3.738768233942466046e-03 2.792619107543089542e-03 1.701100906644720592e-02 6.516609033552163248e-03 1.444696157401324094e-02 1.965953849272215372e-04 3.606361583548885631e-05 -1.966102307051904863e-02 -6.618789575367992756e-03 7.581857587706075652e-03 9.042813954621919947e-03 -1.002123506935887962e-02 -1.924895522632135087e-03 1.672876262082709058e-04
3.860920923524735482e-02 9.517808265845365545e-01 4.161529595606830098e-04 1.166116942330127845e-02 1.791275402919772775e-01 -1.135606255371844273e-02 -4.242177232807758241e-02 6.762290733565874505e-03 -1.944282125576593176e-02 5.328679500315181006e-02 1.002427498359049207e-01 -2.271830402715013797e-02 1.565403160915876694e-03 -4.809508005610675652e-02 1.995825468595496463e-02 4.880932602272922659e-03 9.625388840588567849e-03 1.809382490510197394e-02 2.468218965101602949e-02 4.142214406824112904e-02 2.961677588615526172e-02 -2.517858710288314178e-02 -1.522169480895635418e-02 -1.255599358996077608e-02 1.233518339379866078e-03 3.741768929724987452e-02 -2.695465330627843520e-02 6.862855940784088823e-03 1.469030178096583997e-02 -4.816810087349872316e-02 -2.012364563461286338e-01 -1.841362375941467400e-02 3.354529228287045362e-01 -3.026454276902896048e-02 -1.037203601667491676e-01 -9.120271349975027364e-02 -1.707210584241534990e-01 -2.466269131269402670e-01 1.188498372582716053e-02 2.258748569672104356e-01 -1.067488138334983690e-02 1.126975032681065275e-01 1.123766979464233123e-01 4.761811479582396534e-02 -1.223021100816599066e-01 -7.775624917725222629e-02 -6.578194368298728723e-02 5.734457058941771351e-02 -1.791047557145251240e-02 -1.950557945684235420e-02 1.393699569569442631e-01 -4.759904744871267662e-02 4.933607567735521227e-01 -1.287490696301772930e-01 -1.893085305325463430e-02 -5.095627952101709768e-02 -2.930947549789233442e-01 -3.480848189180995589e-01 -1.696420718326947536e-03 -1.887294368924008394e-03 -9.878642530173985248e-02 -6.417152081548893258e-03 8.568720957305431263e-02 7.036938519348591436e-03 -3.732282306054671150e-03 1.569788618253746722e-03 -6.321549083561222269e-03 -9.637389411843206785e-03 -1.170728925921516936e-02 1.834327844067557781e-03 4.333416982307583890e-03 -3.901831375707651324e-03 -8.773002720164981699e-03 -1.646727776945634825e-02 6.086993228875779184e-03 1.922885311412735922e-03 -8.446745305234331161e-03 -9.786242959276540698e-03 -5.627291413068481740e-03 -1.378066736636664104e-04 -7.538353890313388359e-03 2.452859406119630228e-02 9.235726878367638698e-03 4.800711625154461225e-03 2.305664992926896757e-03 -2.370240757916942595e-02 -1.713929136961469830e-03 -4.931364680694294914e-03 4.513032097071952020e-02 -6.469063762959978772e-05 -6.486568884834201416e-03 -8.471098872976052380e-03 -9.452534580052782132e-03 1.308057208579622380e-03 1.760750275351706442e-03 -1.148947132333205320e-02 -2.898610344185813346e-03 -4.474450524607468185e-03 -9.829226875623729275e-04 -1.201039986173740512e-02 -1.191934790948469963e-02 -1.195698618816071895e-02 3.712018180505976574e-03 4.665612612424831739e-03 1.506255924131856549e-02
2.463081487115228313e-02 4.161529595606830098e-04 9.555252368824120879e-01 -6.630227789193891830e-02 2.976081566883187132e-02 -1.922773771750424868e-02 -1.533565297560716793e-02 -2.866799226087324379e-04 -1.946747856468321672e-02 6.285415392718779470e-02 2.464610574376612309e-02 -1.357265298975676021e-02 1.047004426736267667e-03 2.053790394591325976e-03 7.665898696554874093e-04 -3.345723282065537693e-03 -3.107307069529759245e-03 -1.743140748079442803e-03 -1.986868049109864320e-03 -3.141482888844718008e-03 -3.716986381658486313e-03 -1.239882386485192771e-02 -1.267569218586840456e-02 7.053916057008606522e-04 3.271177999818596083e-02 -1.662775939035593051e-02 1.209133035326462845e-02 4.330451339693614302e-03 1.295412355541774307e-01 -2.147543753338855207e-02 9.824013729965124300e-03 -5.147951380925682059e-03 -1.343130678073681077e-02 -7.166822184902991565e-04 5.130717917946243239e-03 4.190245705443646634e-03 2.342872782764371734e-03 -9.461822539579766225e-03 -1.331149332393703711e-03 -1.996708399378139751e-02 1.632117375173746526e-02 -1.042979173803655363e-03 -3.383060649055606803e-03 -1.018307392863440977e-02 -4.763047408552982531e-03 9.477223420994597804e-04 4.161570601297449878e-02 -1.275340236723500678e-02 5.346460468783496324e-03 -1.395318777144289105e-02 -1.352103076314382230e-02 2.032736784610403389e-03 -9.701116687390713006e-03 1.554416860742988647e-02 -4.960542463974774042e-04 -1.694317837373313790e-03 1.929478286846994604e-03 -9.054315801065217911e-03 3.052843127589774212e-05 6.929137635227932031e-03 7.206635472922599817e-06 6.202867816367391152e-03 -5.030714144302238927e-03 -1.999731253978081005e-03 1.373704274114254413e-03 -4.012687831890131458e-03 -5.225190184625460969e-04 -5.834846810120308813e-03 8.537094973385436769e-03 -9.988920222968650144e-04 6.183051813617202212e-04 -5.434826125614122642e-03 -5.741268858931758076e-03 -3.476440393777411198e-03 9.192661929208587220e-04 -4.900405255497418183e-04 -2.469988767723876009e-03 -1.510796640585919230e-04 -1.288024218932973339e-03 -4.848304268837489057e-03 -9.690903277434679240e-04 9.084383396125429028e-03 3.646145520702757763e-03 -1.796811701820177215e-03 -5.107800592400527952e-03 -1.151603062681345966e-03 5.827212596960485401e-03 -1.604261838971081464e-03 3.646464829612168545e-04 -8.362907650775422853e-04 -4.096220048629600264e-04 -1.514853820703820258e-03 -4.883242756613593270e-03 -1.090910017103471907e-03 -1.048266493259853056e-03 -1.349917982843958303e-03 -1.769886007723396170e-03 6.838793569720872170e-03 3.529336503615380840e-03 -2.631087928958169338e-03 -2.013687189348093744e-03 -3.828411814589533294e-03 1.489006902483063508e-03 -4.238021418357379791e-03 1.496324164760341573e-02
2.302903022856171017e-02 1.166116942330127845e-02 -6.630227789193891830e-02 9.823777720201930519e-01 1.802036142290599705e-02 -1.338605424996688539e-03 1.166876169343748944e-02 -1.879033187054020282e-03 -1.505990486085182281e-02 1.041766858639296169e-02 1.663699745682760411e-02 -3.743412820226505421e-03 -3.025871696580037431e-03 -5.437370903127954763e-03 -2.311975833635023393e-03 -3.804388677948774070e-03 -1.059123758689291955e-02 -9.451534713223663439e-04 1.911948846715066236e-03 4.176249609114023043e-03 -9.985955302886479271e-03 3.971829022290714918e-03 -9.187244929174148006e-03 6.104345323867788227e-03 2.904817204901819633e-02 -8.816807945280507805e-03 2.138525297000130887e-02 -1.470198698282590855e-03 2.589487553756810931e-02 -1.316187890138933655e-02 -2.904184235997963985e-03 -7.424697142036122514e-03 1.376560996537116305e-02 -5.176016798189563570e-04 -1.333746482087496722e-02 -2.060710343381622501e-03 5.930480430925526292e-03 -1.122612784939361862e-02 6.374467099368296558e-03 2.538236618180320439e-04 1.644335156825686012e-02 -3.024431690745643143e-03 -1.038995762532643648e-02 -2.942308440133775595e-03 -1.967280434240501613e-02 -4.998796890120645389e-03 1.983547800676295839e-02 -5.582487116208555492e-03 7.904862040085744099e-03 2.906311444652246844e-03 1.954719363233487286e-04 -5.543745172709706875e-03 1.481346446175041930e-02 1.341428616714002500e-02 -9.163674279829281399e-04 -1.927064462557783603e-02 -1.984120349041476605e-02 3.878903978360992433e-04 -7.461524852964392454e-03 2.278862280224253078e-03 -7.938233181403879166e-03 -1.424464301781827027e-03 7.952797737503413539e-03 5.353722836820436724e-03 1.366384612349397752e-03 1.000972092317745435e-02 -2.815457498290373315e-03 -1.949714242065011876e-03 -3.825565930165956367e-03 -5.306158417020787749e-03 -7.257839046681650169e-03 -4.349831866403740602e-03 -9.607869972031250413e-03 -2.051682071605789425e-03 9.850597070585959819e-03 -3.071789369900546074e-03 1.489442647043438470e-03 4.027291798773931925e-02 4.697636710987862160e-03 3.557451369926353107e-04 2.573173176538692732e-03 1.417505702965228456e-03 -4.955866739078170803e-03 7.704540070849028206e-04 -8.031202147393459723e-03 -9.852146719425115828e-03 -6.114100748433109675e-03 -4.846076595554331054e-03 -1.315059907428559570e-02 3.863588314607685221e-03 -2.684852619888366924e-03 2.130437912348029372e-04 -5.503346415093895343e-04 -4.919368636410715277e-03 -5.229401816872010847e-03 -3.385327104080048007e-03 -3.932963548241269480e-03 9.480428827338110292e-03 5.936721378331016527e-03 -4.556786367682526956e-03 1.094130754427563926e-02 5.886124338941071781e-03 3.940616899147870826e-03 -6.483671926998026830e-03 1.082656155853647419e-02
1.445917482061409576e-02 1.791275402919772775e-01 2.976081566883187132e-02 1.802036142290599705e-02 9.422648567659427377e-01 -8.678655590128991210e-04 4.819183701236722656e-03 -1.425012964489383825e-02 -1.549067416795154271e-03 9.479875542414907541e-02 8.773271612132967079e-02 -2.738827078457248959e-02 -1.139059583771685411e-02 -1.527516069098106555e-01 -2.963331162614470451e-02 -8.043252351403124001e-02 -3.332924968980927743e-02 -3.284677298875074165e-03 -4.752753242031776968e-04 1.821140325906478842e-04 -1.199172855424001163e-02 -8.951208009858810377e-04 1.732146551240054677e-02 3.715999332992135640e-02 3.197146164201750823e-02 3.419666198085245107e-02 2.888839723927811437e-02 -6.859948174827877262e-03 4.528865255934829553e-02 -5.533495634396799062e-02 5.574117408390621975e-02 1.631163515754353865e-03 1.084393437788459119e-01 2.195523864383847491e-03 -1.220924154055280236e-01 -9.152058143864301356e-04 -9.133612395740101086e-02 -6.542523355116004746e-02 1.353363975053185984e-03 5.904660698328037527e-02 8.634254278115478798e-02 1.074161819872521684e-01 -2.086833176994240188e-02 2.285044280435991754e-02 -1.177687798628321292e-01 -2.791690360667022086e-02 2.099206125265837275e-02 2.260839691165201018e-02 2.334705654095605223e-03 -1.797369484403818496e-02 8.539911022630730653e-02 -1.533717393033491305e-01 1.527918112009395701e-01 5.317366774641845567e-02 -2.863788130277013233e-02 -1.954330269573751888e-01 -6.308054757125933568e-03 -9.647539936606003286e-02 4.478759027403412564e-03 -8.081229751437418035e-03 -3.478421466594705524e-02 2.346121177694801638e-03 3.123337444630877591e-02 -2.166902585283874381e-03 -3.100633720675613145e-03 -1.062125336806566192e-02 3.161563774217193007e-03 -8.700952806192549863e-03 1.425291483797143897e-02 -1.695694388099350377e-03 -1.361925159054287737e-02 6.568188671703536520e-03 9.702399860712852125e-03 3.091554636178608755e-03 5.143616505869381267e-03 -2.131480927893042183e-03 -9.055099773579157810e-03 7.065037768362415283e-04 -5.546155869476894658e-03 3.336637518493332732e-04 -1.020808805251547866e-02 -4.806913061278508207e-04 6.949254413539723493e-03 5.456449361416605345e-03 3.861425702336271533e-03 -6.728106266553304793e-03 8.865905025376177168e-03 1.719157582015246131e-03 1.514042669537943829e-02 -8.368596556903699218e-03 5.215810509869321654e-03 -4.654721495513620272e-03 -8.527104954678140988e-03 -8.332373847834752614e-03 6.741209910376249823e-03 -4.600874768890932283e-03 8.742550462885695459e-04 9.846161047353377271e-03 -9.590151364458796360e-03 1.030443218201386457e-02 -5.110132144943015792e-03 -5.405392341916778060e-03 -8.981074191520461297e-03 6.392182229281935177e-03 9.406803026298775697e-03
3.889414552381977030e-02 -1.135606255371844273e-02 -1.922773771750424868e-02 -1.338605424996688539e-03 -8.678655590128991210e-04 9.986567540742801175e-01 -4.727642141461242675e-02 -2.022705618080919854e-03 -2.586604572250346123e-01 -4.131360768141380257e-02 -5.214640823113111945e-02 -3.629866665449981572e-02 -3.257232348223076338e-03 -3.793416472404478879e-02 -1.953350993529195945e-02 -1.869193057999242805e-02 -8.753593367515032780e-03 -1.072768898193033650e-02 -1.275161945222569489e-02 -1.835022635550711406e-02 -1.383989139248103552e-02 2.636607013141357980e-02 -4.092990287574468922e-03 1.399280477729461514e-02 -2.205733963138634905e-03 -1.137633743053140939e-02 2.991475750636409751e-03 -5.386728373762214236e-03 8.427858011296886914e-03 2.175162524504225398e-02 2.950322920074173114e-02 1.685799404909864643e-02 -1.642209604354285396e-02 -1.512076928466320538e-03 -9.361567498589868502e-03 8.249765625609594560e-04 1.175407613073045643e-02 1.225773965931851450e-01 8.988667892924806502e-02 -3.128127170154187953e-02 2.251270813866370832e-02 -1.893861927997577896e-02 -1.003740324553004451e-02 -3.075101615132175628e-02 -2.650443785712937664e-02 -9.408175903388696706e-03 1.949679491833357717e-02 4.019337811651168581e-03 -5.565798047662534609e-02 3.943633795710976830e-02 -1.727047511090939319e-02 -3.799499568194922988e-02 -9.901642017529219825e-03 2.751673590360386931e-02 -1.729989418857699312e-03 -3.005385078479446553e-02 2.108650468863855834e-02 -1.152126627285672035e-02 2.421227876921789451e-02 1.384622991736209063e-02 5.117348629133208066e-02 1.301275281693056209e-03 -5.668141338262761009e-02 3.467737053000575966e-03 -4.496779964191626074e-03 -7.770582815125309101e-03 3.581866720924641121e-03 -2.201934396254087711e-03 -7.246648377280922280e-03 -4.585625084889362324e-03 -2.038863947262246207e-03 1.975742042709758423e-03 5.887288475000867702e-04 3.917789967307016251e-04 -4.681629816089479500e-03 -1.358642065323096074e-03 -5.031261732374175608e-03 -1.065961238191870343e-03 -3.089983765793745396e-03 -4.821552733454156567e-03 -3.640431424107586685e-03 -3.715572279938579147e-03 4.501613401194861849e-03 -4.180175585965803173e-03 -4.295437696538798034e-03 -8.769763802614306478e-03 4.643550423847655519e-03 4.894412279739501423e-03 -1.989226779000230483e-02 1.221176252680167187e-03 -2.890138670980747955e-03 -4.704994856360012953e-03 1.130637460220699532e-02 -2.703516966655536858e-03 -4.936839073906966642e-03 1.762714909967570687e-02 -2.997493007459564596e-03 -4.223676813407791636e-03 -8.899071603963011265e-03 -3.870837435489112889e-03 -3.882857802959676589e-03 1.253412164942829810e-02 2.193859521026851264e-03 -4.616933028778637607e-03 2.723612894762277113e-03
5.306111112968405624e-02 -4.242177232807758241e-02 -1.533565297560716793e-02 1.166876169343748944e-02 4.819183701236722656e-03 -4.727642141461242675e-02 9.947190813318140812e-01 -3.472323009916575189e-03 -3.917028363476677821e-01 -5.398236622236965432e-02 -7.634749797186564380e-02 -5.355090119459467168e-02 -5.591601036891452430e-03 -6.093750033272846145e-02 -1.957787231101139336e-02 -2.424647460511742542e-02 -5.637445034146367634e-03 -1.599646572509067291e-02 -1.217423869088058927e-02 -9.010118303802206602e-03 -7.421339024849786178e-03 1.623856700692599339e-02 -3.465959028103732676e-03 4.117228981328231729e-02 -4.006445642490577205e-03 -4.161713215862365006e-02 1.197596486177729680e-01 8.924570754089992865e-04 -1.378528720811163580e-02 -2.389051384829470742e-02 3.624467925000516427e-02 -7.156387321672990492e-03 2.016928623100204543e-03 -5.323438745957369440e-03 -3.483946559159251805e-02 3.354240988049808723e-03 1.828112192766768312e-02 1.517733507793723666e-02 -3.926327123025089537e-03 -4.279878710061347374e-02 -2.488902008638247537e-02 -2.338489318716337542e-02 -2.172736950224175845e-02 -5.671015340633712987e-02 -1.586522028907500891e-03 -1.607382979783102128e-02 1.593278680491694299e-01 2.298983855673998322e-01 -9.032011220130800599e-02 -1.788657944225924279e-02 8.692147113476942147e-03 -6.104892605599590572e-02 -8.275060258037777658e-03 5.530723630054514830e-05 -1.234779696130715830e-02 -2.949079697254649440e-02 3.749301844675648199e-02 2.513794648762977813e-02 1.710715196891668399e-02 -1.950234010125799153e-02 3.943281055932391921e-02 -7.777237245501956650e-03 -2.610612426731815511e-02 -6.974333272262179043e-03 -2.394717160723689332e-03 -3.349613065750820570e-03 -1.025396546834493085e-02 -4.032511588916039974e-03 -3.100575474359506048e-03 -2.571418068169124653e-03 -5.082856323011556050e-03 -5.321800544030928608e-04 5.860039920998146717e-03 1.823606779984048021e-03 -2.445120050284071891e-03 -3.572985386249278965e-03 -9.746349888683637601e-04 -1.829906290844670680e-03 1.843429928119330249e-03 -1.350121932947501505e-03 -5.427688213719376355e-03 -1.046750635203878843e-02 -2.073291108370876185e-03 -6.390703764920213290e-03 -9.416355620522507894e-03 -1.927999906054379646e-03 -9.853341360263525445e-03 -6.886992924599131399e-04 -2.033697176075934671e-02 2.637983453992361060e-04 1.455284851097200577e-03 -3.186392120445132731e-03 -3.396308377919151928e-03 -1.562605897218078592e-03 -4.275854090062639577e-03 1.703453408027692535e-03 -4.364066892677893189e-03 -1.263212366378324569e-02 -4.824467748633631467e-03 -5.990927088040147279e-03 -2.834073032590310112e-04 3.015715187933073332e-02 -5.513674835538549465e-03 -1.524614514163439780e-05 -8.264916020337798042e-03
-1.856771493921365382e-02 6.762290733565874505e-03 -2.866799226087324379e-04 -1.879033187054020282e-03 -1.425012964489383825e-02 -2.022705618080919854e-03 -3.472323009916575189e-03 9.999416108353937904e-01 -2.229345881334369311e-02 -1.554796964671919385e-03 -3.881816399215319829e-03 -2.797023439743285232e-03 -4.347888023773170121e-04 -4.085752568113694763e-03 2.569542499092694957e-02 9.199005813923379765e-03 -1.989640805543323437e-03 -1.325170879357143823e-03 -1.781512403141256558e-03 1.470561971309784430e-02 -2.247865615237111623e-03 -2.614245613605511304e-03 -2.962315316316575884e-03 -4.870161176207442322e-03 -5.521515188359542000e-04 -1.095933236156188678e-02 -1.950175893063801468e-03 -7.190427111025538259e-04 -7.205953707545601720e-04 3.251088864559509555e-03 2.208226585391751982e-04 -2.808093234847902522e-04 -9.620289101407608623e-03 -2.000160924056304090e-03 1.281956231898879507e-02 -3.182255752463470592e-03 -3.012608647562659264e-03 -5.968290480384901356e-03 -2.572087196416198221e-04 -5.539781628734348137e-03 -3.701892084519618764e-03 -2.983728629605765254e-03 -3.689493261652130804e-03 -4.168819807934714614e-03 -6.071381890469040345e-03 -1.237859199625560231e-03 -3.952930558024904395e-03 -1.801761402840335990e-03 -4.872281265290608065e-03 -2.157528998437373714e-03 -3.477246197337922722e-03 5.737030545532595394e-02 -8.575492320513689037e-03 -4.396689612494259804e-03 -3.121037970582312554e-03 2.494080415726976710e-02 -6.144931662865258520e-03 -2.243898127898811580e-03 -1.609189436673830360e-03 -2.533197088724631861e-03 2.694608330529138594e-03 -1.574233391746050715e-03 -1.527012175518260688e-04 -2.958726141141113726e-04 -7.819397141779223627e-04 -6.578091629828167804e-04 -7.568876640320624421e-04 -7.641559317071575834e-04 -9.122623152092248795e-04 -4.456354939822675240e-04 -1.030228240722574689e-03 -6.574056427673321016e-04 -3.463658365769693281e-04 -8.543763417161351044e-04 -3.457286883584207815e-04 -7.287156096887347249e-04 -5.426047433822055351e-04 -1.422889006940281943e-04 -3.500525147222968507e-04 -3.378179494337536976e-04 -2.938439652012129664e-04 -6.726334650585644214e-04 -4.448507031705631700e-04 -3.744124313130488269e-04 -5.838328699853459740e-04 -8.992879641229379771e-04 -5.493938558070682408e-04 -4.748155383729757168e-04 -2.567424524717392374e-03 -6.101094500442780580e-04 -3.857876249277591291e-04 -5.457146572528791695e-04 -1.030368981712867288e-03 -6.718104694198341739e-04 -5.566436199459026679e-04 -9.668633242460322481e-04 -2.173944011886740644e-04 -7.040530922840870049e-04 -5.298102196630471083e-04 -3.638039455439555782e-04 -4.108620492261424876e-04 5.173476639527462007e-03 -8.446226575018510926e-04 -2.670837403346513214e-04 -1.843775255325862204e-03
-1.805862358990202587e-01 -1.944282125576593176e-02 -1.946747856468321672e-02 -1.505990486085182281e-02 -1.549067416795154271e-03 -2.586604572250346123e-01 -3.917028363476677821e-01 -2.229345881334369311e-02 9.887708846198012269e-01 -2.748659214220824931e-01 -4.344136112492672508e-01 -3.067178381326429171e-01 -3.589992263411395657e-02 -3.735287289262257948e-01 1.382845583118336164e-02 2.715389812071328582e-02 1.240168715374110296e-02 1.610080542041504581e-02 1.811937950349114604e-02 -1.717507170862110633e-02 1.012216999944827445e-02 -7.791213043337094288e-03 1.716990702561364129e-02 -1.924713806897185991e-02 -5.011775731844868298e-02 5.627179184461204159e-02 -7.808779039369193042e-02 7.160763072583605469e-03 -6.104577576984875076e-02 -2.752833095857011234e-03 -7.924962572890624501e-03 -7.792683587027557108e-04 -6.086918062409360508e-02 3.679111536599860999e-03 8.298031415932356769e-02 1.011241176090451645e-02 -4.684692501651682023e-02 3.978421026555601508e-02 -2.390317650685757148e-02 6.574443791038049600e-02 -1.096431981204755088e-02 -9.509336390447691023e-02 9.785421189441950718e-02 1.360669584648568353e-01 8.257501883865948911e-02 4.057714981754942385e-02 -9.956230223692190406e-02 -1.193405679359442750e-01 8.399840450019563365e-02 3.775967659472144466e-02 4.554638707127561803e-02 -3.742737507050777346e-01 -5.507308792900409561e-02 1.936789951924612965e-02 2.927130519358743174e-02 4.300850122530934516e-02 6.524892286635943298e-03 -1.915220894483931485e-02 -2.300181201072961507e-02 -2.476509648177494752e-03 -6.439500938018555970e-03 1.428927643690261831e-02 9.300632583491792726e-03 8.322160147532807473e-03 -5.541321502844854391e-03 -9.920116059378635779e-05 8.116178572635754720e-03 3.173388111855031390e-03 1.466466155858632547e-02 1.075055004037227258e-02 1.543808818256194905e-02 -5.131882029482067765e-04 -3.545771499850625813e-03 3.056482312220173882e-03 -3.782866834025492946e-03 1.860736138118946476e-02 7.169856328766544863e-03 4.619467179732304057e-03 -5.587066279188029373e-03 8.623448152373008879e-03 2.433594478338074740e-03 1.727585070313117539e-03 -6.516514694192411181e-03 1.344016427150715974e-02 -7.021483772104522916e-03 2.234129050023270918e-02 3.938528809808097483e-03 7.695323269689430951e-03 4.821637032602951040e-02 5.159310933355493005e-03 2.283510783733128623e-03 9.842417503752417390e-03 1.664737293250898725e-02 6.112788079921415048e-03 2.279410504702464660e-03 4.422015146597876693e-03 2.983438121077993700e-04 -1.242830554913756241e-02 -1.933278288473287698e-02 -8.791215275045741184e-03 3.062624026701302096e-03 -4.234035551806573927e-02 7.717897663650274097e-03 9.407942947498358285e-03 -2.231891920281849594e-04
7.206977925614144187e-02 5.328679500315181006e-02 6.285415392718779470e-02 1.041766858639296169e-02 9.479875542414907541e-02 -4.131360768141380257e-02 -5.398236622236965432e-02 -1.554796964671919385e-03 -2.748659214220824931e-01 9.785694157380582237e-01 -5.922112425309961070e-02 -4.063329038064710658e-02 -2.503742968321705578e-03 -3.523702475852815569e-02 -4.342662250028708412e-03 -1.119053678064483789e-02 -7.565204075121173891e-03 -3.653176489628985960e-03 -5.148517920224966564e-03 -2.176612161600605805e-03 -2.413694271264678337e-03 -2.521545109534789695e-03 -7.814345027691543821e-03 1.915339450982535968e-02 7.938583014034305760e-03 -1.256627472918698044e-02 -9.441373935989143262e-03 -4.140626718082801236e-03 5.706234304111999778e-02 -1.475816274859914796e-04 -6.610808369679763499e-03 -6.562933909888348655e-03 4.726700246001264150e-02 -7.538128530916546680e-03 -4.259685418045592448e-02 -5.251162421233415527e-03 3.963879912426170223e-03 -4.074085502820413984e-02 -2.344040293051879130e-03 -1.619180852029710252e-02 1.052082031133119711e-01 2.093575674500950529e-02 -2.587222952473671594e-02 -2.871475948483895313e-02 -2.565733267167695855e-02 -7.343577473740090997e-03 -1.874338419532073016e-02 -2.541375495923690539e-02 8.765628403459918561e-02 -3.198980112675583326e-02 -1.807540182001346474e-02 -3.527361416574154029e-02 5.896886973765058659e-02 -1.893637970914150218e-02 -1.214331299639961198e-02 -2.261720250786533604e-02 -1.721899229657495450e-02 -2.385057184124600785e-02 -1.040304919087298510e-02 9.559629522238072274e-03 -3.536904398985243891e-02 -2.794641942066324308e-03 2.847678823862101818e-02 -6.125410517528249825e-03 -7.001722697833198065e-04 -4.596451929359407669e-03 -5.084056610740434780e-03 1.714777162469299440e-02 2.215951397297831211e-03 -4.559591645653645123e-03 -5.037153315707461852e-03 -4.479819924333727950e-03 -1.815060111509886028e-03 3.655638460615048824e-04 6.444366732361400674e-03 -5.265898814583330236e-03 9.230397943922412883e-05 -8.193744471686450950e-04 1.566752713160878691e-02 -5.606858055220707501e-03 5.462308633996143699e-03 6.744339529043358837e-03 2.079339961754985908e-03 -4.354235527379816603e-03 -2.166567332541403153e-03 -4.421216300516584222e-03 -2.932851787713870902e-03 -4.128056556076621121e-03 -7.382177093512401131e-03 -4.468517286798055765e-03 -2.221568375030428741e-03 -4.128323277429594637e-03 -1.243892215764333745e-02 -3.391387570805594245e-03 5.643620836025500798e-03 -8.035727737689811467e-03 -3.439849106394259753e-03 1.403510413523168486e-02 2.486780040026621147e-02 1.864941052728814885e-02 4.279405435298011193e-03 -7.869560958804613232e-03 -2.219942119444399172e-03 2.874131048889123040e-03 2.507170141642549657e-02
1.287679665945801188e-01 1.002427498359049207e-01 2.464610574376612309e-02 1.663699745682760411e-02 8.773271612132967079e-02 -5.214640823113111945e-02 -7.634749797186564380e-02 -3.881816399215319829e-03 -4.344136112492672508e-01 -5.922112425309961070e-02 9.863038635343280847e-01 -5.928303570909262965e-02 -6.251022310113279849e-03 -6.784549738331342728e-02 -2.162418991381601964e-03 -1.372376535916805529e-02 -1.101426799527274042e-02 3.128906533068442561e-03 -6.180627354646913568e-03 3.659844081911967778e-02 -1.918639282232536582e-03 -9.150932285596029975e-03 -2.862484331426181847e-03 -1.163895434928752248e-02 1.426931921700982583e-02 1.572660204027858527e-02 -8.547223604232840471e-03 -1.033778240021409126e-02 6.961079979223419589e-02 -2.225097054631523796e-02 -1.304179562322413041e-02 1.309595681655508935e-03 1.049707931693912161e-01 4.550443166114149715e-04 -9.465023713529695237e-02 -1.924414405627591917e-02 -3.665929991484963638e-04 -8.473574151870497118e-02 -4.368844724467530437e-03 7.357472187081755266e-02 1.725888301949000947e-02 2.334789821455584835e-01 -4.983163985895152498e-02 -5.349606069507985284e-02 -2.488608917894332209e-02 -1.796430748720668699e-02 1.064071105968331446e-02 -3.722332992385173067e-02 3.656935486082547176e-02 -3.227491298247836538e-02 4.130180128458121099e-05 -6.797052943090138577e-02 1.085813574253991914e-01 -2.812476173549261632e-02 -1.705579513638101966e-02 -6.957696047024586328e-02 -3.945027681985106144e-02 -3.475354477620868146e-03 4.099136084440279174e-03 -9.845343330914900840e-03 -5.619201037440726965e-02 -1.320545779485459564e-02 5.412596983019027364e-02 -2.408720583201597737e-03 2.952243009239643133e-03 -5.390023204437144159e-03 3.723530201201247572e-03 5.962377268798563310e-04 -8.115074585617594247e-03 -3.788871946553712660e-03 -7.699599495044762675e-03 6.663693924091117909e-03 -9.685593650599526663e-04 -9.601672995433225763e-03 1.639650318825262854e-02 -1.130846053844819510e-02 -9.002019289578496591e-03 -2.045708371183164748e-03 6.365638456247522253e-04 -7.703756427998455225e-03 6.812292516513147531e-03 -3.415115220828316388e-03 1.799066342064361765e-02 -2.495926616476019412e-03 2.176947518416441976e-02 -1.002061605979386386e-02 3.092815811725108197e-03 -7.910210505535766878e-03 -2.033069205919125350e-02 -1.525488996196434997e-03 2.821644895511784623e-04 -3.673500065753504103e-04 -1.708546555580585727e-02 -7.298474718299007187e-04 -2.122622425907404187e-03 -9.627184742733295442e-03 1.273108567801114512e-03 2.513377335422904701e-02 -1.027527676528249348e-02 8.657901312443438274e-03 -1.527433835796945024e-03 1.727451345338175057e-02 -1.480310704936284999e-03 -7.091055907445843048e-03 -3.833377851025708029e-03
5.314980498708586978e-03 -2.271830402715013797e-02 -1.357265298975676021e-02 -3.743412820226505421e-03 -2.738827078457248959e-02 -3.629866665449981572e-02 -5.355090119459467168e-02 -2.797023439743285232e-03 -3.067178381326429171e-01 -4.063329038064710658e-02 -5.928303570909262965e-02 9.904472189800908044e-01 -4.504142938666882111e-03 -4.838242527387644210e-02 -2.119645218263322903e-02 -2.485062138578900126e-02 -7.767740780794267323e-03 -1.195080206321183502e-02 -1.450034231723483676e-02 -1.684146664280165503e-02 -1.646260010187517928e-02 1.900737990147947573e-03 -8.757211431961666945e-03 1.797487050910872089e-02 9.761588963871069280e-02 -4.996299653633667903e-02 7.137703062267415632e-02 -3.249017334727473481e-03 7.834615736830303004e-03 1.480159311068238344e-02 1.355475404586481587e-02 8.200201835610616136e-04 -1.096341977067539011e-02 8.969233112177609716e-05 3.367629237444442602e-03 5.099499477360183025e-03 -9.713146274365260305e-03 4.961232499440858257e-02 -3.110858134639610858e-03 -4.848892558037548595e-02 6.587522576736036702e-03 -2.077856863955960739e-02 -3.336790600112220923e-02 -4.252723246349557340e-02 5.611456795547027469e-04 -1.293483620668826710e-02 1.143373780553146035e-01 1.026115435514185353e-01 -6.718815509092868066e-02 1.946063206813501700e-02 -1.764909236143787780e-02 -4.847335860986198841e-02 -1.087483725839839648e-02 1.710743618594659163e-02 -1.176508265483424548e-02 -1.139060518461641226e-02 1.310918561911122993e-02 -2.361200811060648261e-05 5.573534635872126435e-03 1.318135732297041202e-02 2.037336951074296756e-02 -1.075440498725385371e-02 -2.231292500971491372e-02 -5.352147876325735742e-03 -3.947305760368179789e-03 1.162825023164444464e-02 -4.065951744772049528e-03 -1.130495603600389920e-02 -9.791437933508355743e-03 -5.647591202430112152e-03 -1.192395748515329493e-02 -4.163171295784404147e-03 -7.499297055751979676e-04 -2.111008031156604361e-04 -5.310785325398355121e-03 -8.102279946174508959e-03 2.415579203670121296e-03 -1.474024960642361442e-03 -4.012884644645343599e-03 1.588378623278392538e-03 -4.233827447305460803e-03 2.549229372643346120e-02 -7.760509574447134462e-03 -5.015689120886601335e-03 -2.124391942782135560e-03 -7.279416297050811391e-03 -2.041217888969151014e-03 -5.639750219211492506e-03 -2.459575212500341237e-02 -1.350306419069023959e-03 3.976791356617460742e-03 -6.163178498955893155e-03 -1.206311118418530726e-02 -8.999681049455109105e-03 -1.726682064892655268e-03 -2.821738411129180030e-03 4.960382768329756747e-03 -9.875355475995044319e-03 1.890535502172259116e-02 2.266144691282214515e-03 2.437620397272824164e-03 2.549404879701708954e-02 -5.556426685220468634e-03 -4.929687468713787706e-03 -3.366938902100520027e-03
1.848297367593912735e-02 1.565403160915876694e-03 1.047004426736267667e-03 -3.025871696580037431e-03 -1.139059583771685411e-02 -3.257232348223076338e-03 -5.591601036891452430e-03 -4.347888023773170121e-04 -3.589992263411395657e-02 -2.503742968321705578e-03 -6.251022310113279849e-03 -4.504142938666882111e-03 1.110896478516501862e+00 -6.579427729252139249e-03 -4.833904865270802903e-03 -5.507398259837242155e-03 -3.203986944633164472e-03 -2.133968194179801554e-03 -2.868830627851727370e-03 7.829828152386655860e-03 -3.619815227172424286e-03 5.034552885760008173e-03 -4.770318126227373993e-03 -7.842587859754019536e-03 -8.891485603230861933e-04 1.402762980492102546e-02 -3.140435240223941882e-03 -1.157899180891106775e-03 -1.160399482071213569e-03 -1.358226702993374588e-03 -1.085558426164386601e-02 -4.521969010034409425e-04 1.093721224837532029e-02 1.138959528719814783e-02 -6.194630699645477419e-03 -5.124495766759802097e-03 4.634090864127309202e-03 5.874928239496348716e-03 -4.141920378201820662e-04 -3.946118718554714189e-03 -5.961284004729591572e-03 5.262285958257319207e-02 2.225514015940459941e-03 1.189563179892969398e-04 -4.309426657376292172e-03 -1.993367196652647954e-03 -6.365539883218954489e-03 -2.901438287737422538e-03 -7.846001912045062754e-03 -3.474343069563002890e-03 2.084180789592537768e-03 -6.595138277376825890e-03 -3.897245203125813615e-04 -1.586245403535046020e-02 -5.025914669416786142e-03 9.858487379287886668e-03 8.467268027682725486e-04 1.955008803105007589e-02 -2.591333034678870370e-03 5.403081189171880967e-03 -3.113525783719029143e-03 -2.535042114591600903e-03 1.312588626768687898e-03 -4.764538354136294419e-04 -1.259184385812520167e-03 -1.059292694634000583e-03 -1.218842208783278572e-03 -1.230546549925926308e-03 -1.469047347574513242e-03 -7.176221460712296643e-04 -1.659011930230242394e-03 -1.058642892167593972e-03 -5.577648062743682149e-04 -1.375831575746417875e-03 -5.567387846085255923e-04 -1.173475781804624724e-03 -8.737750598248346769e-04 -2.291327052198383920e-04 -5.637015907497060999e-04 -5.439998499388783723e-04 -4.731870323734026457e-04 -1.083164777565654834e-03 -7.163583704643054469e-04 -6.029292013375910086e-04 -9.401661285131784895e-04 -1.448154304278030831e-03 -8.847078008068725132e-04 -7.646117740534096952e-04 -4.134411917770106602e-03 -9.824802081328971870e-04 -6.212470664184395518e-04 -8.787830609737435836e-04 1.958494098134880290e-02 -1.081839479413884914e-03 -8.963823450701817767e-04 -1.556973228282698858e-03 -3.500776729670476641e-04 -1.133760882729520705e-03 -8.531715987158177078e-04 -5.858459922421077994e-04 -6.616252733148744172e-04 2.905803306870768585e-03 -1.360124882962319894e-03 -4.300941229048587137e-04 -2.969094637804753269e-03
6.252155031786438277e-02 -4.809508005610675652e-02 2.053790394591325976e-03 -5.437370903127954763e-03 -1.527516069098106555e-01 -3.793416472404478879e-02 -6.093750033272846145e-02 -4.085752568113694763e-03 -3.735287289262257948e-01 -3.523702475852815569e-02 -6.784549738331342728e-02 -4.838242527387644210e-02 -6.579427729252139249e-03 9.806669498219162673e-01 3.018185518321271285e-02 3.107143648796534610e-02 1.346048817001014274e-02 2.398316360875173657e-03 1.007828961115730948e-02 2.878058781435973226e-02 1.636804994888890058e-02 -1.010894511470497234e-02 -9.893074895740382874e-03 -3.124898777393490812e-02 -3.780909657354874359e-04 -2.593651996259694822e-02 -1.649736493243635430e-02 6.941479225758072358e-03 -2.821202451488789582e-03 2.817278176799361405e-02 -3.413022070343343234e-02 -1.345086141465530374e-04 -1.971652671106919122e-02 3.857274265092073239e-03 1.938136711082678876e-02 -1.379694869907952199e-03 7.037467470101792244e-02 -9.564239243683297920e-02 -4.105285474090279371e-03 -9.330918715416680609e-02 -7.607331565690875208e-02 -4.751757801658498814e-02 -5.720194866322505373e-02 -6.654037565567960666e-02 -9.340040774651683919e-02 -1.878503882477694509e-02 -7.863953558794492538e-02 -3.228999316594586416e-02 -8.432077971206720923e-02 -3.802349405135473093e-02 -5.772589880837165205e-02 9.787750545996448670e-01 -3.762062521392602055e-02 -2.369294950585495649e-02 -3.757308876497640528e-03 7.350030673759876121e-02 -1.924186770817115297e-02 4.104792993930371503e-02 9.014602919797090955e-03 7.816169849281677517e-03 9.947898159162580842e-03 5.914363921217949752e-03 -1.619993029473274296e-02 5.643804088203193542e-04 1.740833557606906445e-02 9.512332390128804341e-03 -4.588008919670370431e-03 -4.883615833057625491e-03 -4.366343110354735726e-03 -2.396771093024599106e-03 -5.255675246556227708e-04 -3.960886838545456430e-04 3.682809311409685794e-03 2.947704035123053113e-03 -6.057281619817259447e-03 -7.829476883039018786e-03 -1.093445644178839141e-03 -2.153182266131751631e-03 1.774996080479118634e-03 -9.051470222112053404e-05 -5.014594573564083203e-03 -1.253245606401217488e-02 -4.009831515602625858e-03 -6.208597931656529428e-03 5.321533863629257337e-03 -1.441076348288700473e-02 -2.224197540406757777e-04 -7.622041176765474843e-04 -8.875513799195237571e-03 -4.830821673900614899e-03 -5.837918969336344799e-03 -3.715244282197630640e-03 5.613923841429372622e-04 2.786718587045190331e-03 3.173984264438310578e-03 -3.258021576531287822e-03 3.251875404052495446e-03 9.317782658201642643e-03 2.628113550857428052e-02 -3.166084584932464226e-05 -6.535040874711021269e-03 6.956712222888209937e-03 -2.720926286588700935e-03 -5.074199632470808956e-03 -4.874647709342928327e-03
